-6.341381371021270752e-02
-6.400142610073089600e-02
-5.607648566365242004e-02
-5.120930075645446777e-02
-3.723556920886039734e-02
-1.550261024385690689e-02
-4.353750124573707581e-02
-6.335472315549850464e-02
-5.515044927597045898e-02
-2.621358260512351990e-02
-2.131441421806812286e-02
1.565491966903209686e-02
1.974532753229141235e-02
-4.365295171737670898e-02
-8.282101899385452271e-02
-6.780488044023513794e-02
-3.076579049229621887e-02
2.104178071022033691e-02
7.362612988799810410e-03
1.558851264417171478e-02
3.803762793540954590e-02
3.431641682982444763e-02
4.621357098221778870e-02
2.016691863536834717e-02
-3.299833461642265320e-02
-3.600582852959632874e-02
-1.644296571612358093e-02
2.316923113539814949e-03
3.167537972331047058e-02
6.573408842086791992e-02
4.411048814654350281e-02
5.854389071464538574e-02
3.475141152739524841e-02
-2.681154757738113403e-02
-1.219111029058694839e-02
-1.135858986526727676e-02
-4.307661578059196472e-02
-2.924330998212099075e-03
4.305772855877876282e-02
8.210607618093490601e-02
7.640302181243896484e-02
3.524367138743400574e-02
3.701715916395187378e-02
5.388201773166656494e-02
7.051232457160949707e-02
4.204761609435081482e-02
1.351832970976829529e-02
-1.681855879724025726e-02
1.294625806622207165e-03
1.949554098246153444e-05
-7.050075102597475052e-03
-4.041212424635887146e-02
-6.086142361164093018e-02
-2.897220104932785034e-02
3.473252523690462112e-03
-5.439529940485954285e-02
-5.346347391605377197e-02
-1.179388817399740219e-02
-3.038105927407741547e-02
-5.822191014885902405e-02
7.051293272525072098e-03
4.973556101322174072e-02
3.301813453435897827e-02
-2.336418628692626953e-02
-4.035241901874542236e-02
-6.940716877579689026e-03
-2.103568799793720245e-02
-3.470541164278984070e-02
-6.336050573736429214e-03
2.125013852491974831e-03
2.563237212598323822e-02
1.352746784687042236e-02
-1.341536873951554298e-03
-2.772844582796096802e-02
-3.944678977131843567e-02
1.019068434834480286e-02
3.257156535983085632e-02
-3.250272129662334919e-04
-3.593606874346733093e-02
-2.939379215240478516e-02
-1.347355078905820847e-02
2.973191812634468079e-02
3.443826362490653992e-02
-1.164553919807076454e-03
4.091809317469596863e-02
7.372969761490821838e-03
-3.173995763063430786e-02
-4.862857982516288757e-02
-4.013096168637275696e-02
-5.867304652929306030e-02
-1.462470181286334991e-02
1.634091883897781372e-02
2.342815697193145752e-02
-2.324995584785938263e-02
-1.634792424738407135e-02
-6.881925743073225021e-03
-1.197970472276210785e-02
3.051417693495750427e-02
1.687217131257057190e-02
-5.232450738549232483e-02
-6.168054044246673584e-02
4.985984414815902710e-03
1.030583027750253677e-02
4.069633036851882935e-02
4.722002893686294556e-02
-1.808607392013072968e-02
-4.911200702190399170e-02
2.490433491766452789e-02
7.153401523828506470e-02
8.816553652286529541e-02
3.728400170803070068e-02
-1.140793785452842712e-02
-3.623124444857239723e-03
2.648408338427543640e-02
-5.776467733085155487e-03
-5.045994184911251068e-03
2.719262428581714630e-02
4.498352482914924622e-02
3.166624158620834351e-02
1.097294315695762634e-02
7.882290519773960114e-03
1.981356181204319000e-02
-2.110300958156585693e-02
-8.306623436510562897e-03
-1.358595443889498711e-03
2.939744852483272552e-02
3.202081471681594849e-02
1.774155162274837494e-02
-8.920123800635337830e-03
-1.239429041743278503e-02
-2.070639654994010925e-02
-2.223831973969936371e-02
-2.985071949660778046e-02
-2.036431059241294861e-02
5.873031914234161377e-04
5.776163190603256226e-03
2.395331859588623047e-02
4.010537266731262207e-02
-4.443764686584472656e-03
-2.896153926849365234e-02
-4.010598361492156982e-02
-3.991072252392768860e-02
2.182647585868835449e-02
1.744241686537861824e-03
-7.302603218704462051e-03
-9.266473934985697269e-04
1.374618429690599442e-02
-1.747622899711132050e-02
-1.654897257685661316e-02
-4.188038036227226257e-02
-3.800807893276214600e-02
-4.966336861252784729e-02
-6.015897542238235474e-02
-7.144354283809661865e-02
-5.054767057299613953e-02
-1.041549257934093475e-02
3.149870038032531738e-02
1.352624967694282532e-02
2.395514585077762604e-02
3.646092489361763000e-02
4.598815366625785828e-02
2.854878315702080727e-03
-5.787738700746558607e-05
-1.854757033288478851e-02
-2.114413306117057800e-02
-2.991042472422122955e-02
-9.179049171507358551e-03
8.936877362430095673e-03
-9.226264432072639465e-03
6.346834450960159302e-02
6.915555894374847412e-02
-2.281709387898445129e-02
-3.431580588221549988e-02
-2.053520083427429199e-02
-4.916897043585777283e-02
-4.088488966226577759e-02
-1.305805239826440811e-02
3.941389173269271851e-02
1.072315648198127747e-01
8.253315091133117676e-02
-6.535879801958799362e-03
-1.341780554503202438e-02
9.290234185755252838e-03
2.164066024124622345e-02
-1.574295386672019958e-02
-1.285852771252393723e-02
2.747043501585721970e-03
2.398073300719261169e-02
3.840804472565650940e-02
6.177466735243797302e-02
1.025142520666122437e-01
6.886799633502960205e-02
5.202506855130195618e-02
1.072407066822052002e-01
1.265083849430084229e-01
1.258985400199890137e-01
1.275410503149032593e-01
1.081314086914062500e-01
1.281362622976303101e-01
1.407340466976165771e-01
1.715339571237564087e-01
1.990714073181152344e-01
1.874721646308898926e-01
1.784432977437973022e-01
1.998554915189743042e-01
2.301430255174636841e-01
2.386034876108169556e-01
2.250333726406097412e-01
2.398243993520736694e-01
2.672363519668579102e-01
2.712804377079010010e-01
2.567111849784851074e-01
2.232470959424972534e-01
2.072059214115142822e-01
2.525951862335205078e-01
3.101697862148284912e-01
3.324361443519592285e-01
3.065253496170043945e-01
2.988788187503814697e-01
3.298584520816802979e-01
3.630630075931549072e-01
3.581373393535614014e-01
3.503708243370056152e-01
3.573020994663238525e-01
3.636722564697265625e-01
3.747116029262542725e-01
3.803945481777191162e-01
3.792723417282104492e-01
3.671333193778991699e-01
3.626042604446411133e-01
3.580508232116699219e-01
3.997219502925872803e-01
4.976011216640472412e-01
5.236654281616210938e-01
5.073148012161254883e-01
5.002232789993286133e-01
5.099570155143737793e-01
5.836410522460937500e-01
6.620758771896362305e-01
6.755716800689697266e-01
6.673439145088195801e-01
6.772360801696777344e-01
6.845207214355468750e-01
6.491954326629638672e-01
6.665671467781066895e-01
6.819503307342529297e-01
7.600452303886413574e-01
7.927081584930419922e-01
7.691873908042907715e-01
7.199690937995910645e-01
7.406130433082580566e-01
7.772287130355834961e-01
8.217285275459289551e-01
8.987852334976196289e-01
1.000000000000000000e+00
9.821500182151794434e-01
8.983014822006225586e-01
8.337346911430358887e-01
8.556464910507202148e-01
8.584764003753662109e-01
8.979658484458923340e-01
9.211417436599731445e-01
9.477159976959228516e-01
9.431997537612915039e-01
9.342817664146423340e-01
9.055087566375732422e-01
9.097569584846496582e-01
9.383752346038818359e-01
9.258553981781005859e-01
8.827038407325744629e-01
8.773980140686035156e-01
8.803936243057250977e-01
8.993116021156311035e-01
9.139028191566467285e-01
9.058073163032531738e-01
8.982802033424377441e-01
8.854813575744628906e-01
8.808054924011230469e-01
8.141502141952514648e-01
7.650817632675170898e-01
7.753169536590576172e-01
7.726289629936218262e-01
7.862222790718078613e-01
7.744225859642028809e-01
7.611759901046752930e-01
7.547850608825683594e-01
7.468820810317993164e-01
7.312740683555603027e-01
7.650361061096191406e-01
7.746504545211791992e-01
7.764421701431274414e-01
7.798008918762207031e-01
7.808274626731872559e-01
7.462929487228393555e-01
7.574517130851745605e-01
7.250494956970214844e-01
7.040168642997741699e-01
6.699818968772888184e-01
6.116786599159240723e-01
5.420272350311279297e-01
5.254036188125610352e-01
5.436130762100219727e-01
5.857831239700317383e-01
6.557806134223937988e-01
7.427216172218322754e-01
7.646187543869018555e-01
7.518881559371948242e-01
7.904820442199707031e-01
7.936421632766723633e-01
7.664878964424133301e-01
7.763812541961669922e-01
9.056884646415710449e-01
9.176715612411499023e-01
9.073529243469238281e-01
8.985695838928222656e-01
8.971159458160400391e-01
8.795157074928283691e-01
8.991087675094604492e-01
9.297258853912353516e-01
9.245918393135070801e-01
9.001200795173645020e-01
8.812611699104309082e-01
9.251133799552917480e-01
9.541318416595458984e-01
9.492933154106140137e-01
8.906415700912475586e-01
8.487822413444519043e-01
8.559566140174865723e-01
8.674181103706359863e-01
8.701554536819458008e-01
8.294383883476257324e-01
8.402261137962341309e-01
8.484380245208740234e-01
8.699665665626525879e-01
8.304704427719116211e-01
8.338864445686340332e-01
7.887414693832397461e-01
7.381194233894348145e-01
7.057738900184631348e-01
6.883637905120849609e-01
7.028574943542480469e-01
7.397802472114562988e-01
7.329165935516357422e-01
7.076522111892700195e-01
6.686714291572570801e-01
6.373707652091979980e-01
6.364989280700683594e-01
6.131840944290161133e-01
5.684381723403930664e-01
5.508940219879150391e-01
5.498918294906616211e-01
5.447614789009094238e-01
5.228381156921386719e-01
4.939262270927429199e-01
5.046371817588806152e-01
4.920857250690460205e-01
4.718792140483856201e-01
4.620875716209411621e-01
4.833267331123352051e-01
4.821874797344207764e-01
4.502537846565246582e-01
4.169084727764129639e-01
3.637581467628479004e-01
3.623757958412170410e-01
3.886697888374328613e-01
3.612517714500427246e-01
3.566191196441650391e-01
4.147968590259552002e-01
4.161317050457000732e-01
3.795093297958374023e-01
3.565545678138732910e-01
3.339896798133850098e-01
3.413248658180236816e-01
3.612408041954040527e-01
3.454500138759613037e-01
3.223337829113006592e-01
3.494654893875122070e-01
3.848115205764770508e-01
3.776846826076507568e-01
3.467610776424407959e-01
3.316319286823272705e-01
3.067007958889007568e-01
2.990268766880035400e-01
3.139622807502746582e-01
3.014144599437713623e-01
2.839689850807189941e-01
2.855627536773681641e-01
2.584286332130432129e-01
2.734688222408294678e-01
2.621668875217437744e-01
2.161403596401214600e-01
2.112500220537185669e-01
2.796720564365386963e-01
2.906931340694427490e-01
2.607278823852539062e-01
2.792053818702697754e-01
2.295112460851669312e-01
1.896459162235260010e-01
1.535602807998657227e-01
1.364730447530746460e-01
1.809795349836349487e-01
2.083025425672531128e-01
1.893583536148071289e-01
1.311995089054107666e-01
1.188862472772598267e-01
1.384049355983734131e-01
1.738496571779251099e-01
1.865241974592208862e-01
1.781819313764572144e-01
1.535170227289199829e-01
1.754641383886337280e-01
1.420792341232299805e-01
1.242578774690628052e-01
1.178621202707290649e-01
1.157834082841873169e-01
1.599304527044296265e-01
1.259162127971649170e-01
8.804125338792800903e-02
1.152204722166061401e-01
1.384043246507644653e-01
1.543218195438385010e-01
1.258400529623031616e-01
1.319641023874282837e-01
9.125192463397979736e-02
3.799254447221755981e-02
2.270925790071487427e-02
3.969170153141021729e-02
3.307479247450828552e-02
3.975506126880645752e-02
7.941447943449020386e-02
7.744908332824707031e-02
5.060189589858055115e-02
6.054644659161567688e-02
3.304006904363632202e-02
2.840865869075059891e-03
7.963319309055805206e-03
-1.622089883312582970e-03
-2.205950953066349030e-02
-6.140485871583223343e-03
4.969047755002975464e-02
3.540451079607009888e-02
7.558786775916814804e-03
3.661689162254333496e-02
4.494270309805870056e-02
2.561226673424243927e-02
6.078526750206947327e-02
8.656019717454910278e-02
7.235465198755264282e-02
1.891189254820346832e-02
1.208906248211860657e-02
2.586814574897289276e-02
-1.081972010433673859e-02
-5.729861091822385788e-03
2.731264382600784302e-02
1.310709584504365921e-02
-2.060038968920707703e-02
-1.431094482541084290e-03
-3.884486388415098190e-03
1.243754569441080093e-02
1.931033283472061157e-02
-3.117519803345203400e-02
-3.704213723540306091e-02
-2.194954268634319305e-02
9.675270877778530121e-03
-1.076214713975787163e-03
-2.543558739125728607e-02
-8.447356522083282471e-03
4.673568531870841980e-02
5.409829691052436829e-02
2.794076502323150635e-02
-4.597292281687259674e-03
-6.274365633726119995e-02
-8.113739639520645142e-02
-2.386985346674919128e-02
-1.236748415976762772e-03
-2.859081886708736420e-02
-3.463900834321975708e-02
-3.399413079023361206e-02
1.019555889070034027e-02
-6.524914060719311237e-04
-9.030090644955635071e-03
2.496586740016937256e-02
6.755204871296882629e-03
-7.955094799399375916e-03
-2.291030716150999069e-03
6.729007698595523834e-03
2.073899097740650177e-02
1.153344009071588516e-02
-4.017665237188339233e-02
-1.000212598592042923e-02
-1.747379265725612640e-02
-1.421163976192474365e-02
1.655963435769081116e-02
-4.809671640396118164e-02
-6.964904069900512695e-02
-7.287402451038360596e-02
-5.757977440953254700e-02
2.404104731976985931e-02
3.488848730921745300e-02
5.496097356081008911e-02
8.186665177345275879e-02
4.530398175120353699e-02
-3.059946931898593903e-02
-2.844673581421375275e-02
-4.668451100587844849e-02
-3.351801261305809021e-02
-3.367611020803451538e-02
-8.609413169324398041e-03
9.156811982393264771e-03
1.087363809347152710e-02
-2.819238044321537018e-02
1.259838417172431946e-02
4.468621686100959778e-02
1.568720862269401550e-02
-1.724593900144100189e-02
-1.099274307489395142e-02
3.309124335646629333e-02
2.766417153179645538e-02
1.328986603766679764e-02
1.403069705702364445e-03
1.317167468369007111e-02
-6.194403395056724548e-03
-1.300718140555545688e-04
2.135858312249183655e-02
3.273423062637448311e-03
-2.764406846836209297e-03
-6.268578022718429565e-02
-8.575296401977539062e-02
-5.911565944552421570e-02
-5.150630325078964233e-02
-1.049103774130344391e-02
2.082671970129013062e-02
2.043924666941165924e-02
8.268546313047409058e-03
1.306566782295703888e-02
4.248443990945816040e-02
3.002313338220119476e-02
2.108320966362953186e-02
5.385643336921930313e-03
-5.989395547658205032e-03
-6.224865093827247620e-03
-3.982177376747131348e-02
-5.688859522342681885e-02
6.226997356861829758e-03
2.993235737085342407e-02
3.042096272110939026e-02
-1.173387863673269749e-03
-4.693551454693078995e-03
-1.668148115277290344e-02
3.473313525319099426e-02
4.427741840481758118e-02
4.552452266216278076e-02
4.381074383854866028e-02
9.594243019819259644e-03
-1.324508711695671082e-02
-2.746434323489665985e-02
-1.834956929087638855e-02
-1.820335164666175842e-02
4.879551008343696594e-02
5.202263221144676208e-02
4.249174892902374268e-02
1.453027036041021347e-02
2.797792851924896240e-02
1.490738708525896072e-02
-9.798641316592693329e-03
2.011635154485702515e-02
2.942912839353084564e-02
-1.019525434821844101e-02
-5.364137142896652222e-02
-4.717646539211273193e-02
1.251309085637331009e-02
4.464052245020866394e-02
3.605395555496215820e-02
1.480077113956212997e-02
7.140241563320159912e-03
5.561712197959423065e-03
-2.245155163109302521e-02
2.339525893330574036e-02
4.600460082292556763e-02
6.323256995528936386e-03
-4.758495837450027466e-02
-4.069877043366432190e-02
-1.203758269548416138e-02
-5.175456777215003967e-02
-6.378941237926483154e-02
-6.352286785840988159e-02
-7.544165104627609253e-02
-4.502129554748535156e-02
-4.708233848214149475e-02
5.723768845200538635e-03
3.489762544631958008e-02
3.542705252766609192e-02
1.121176406741142273e-02
-9.789807721972465515e-03
-1.407974027097225189e-02
-1.181460265070199966e-02
1.919396966695785522e-02
4.650173708796501160e-02
-3.641584143042564392e-02
1.424332056194543839e-02
4.485131800174713135e-02
