51	1953.449328	13.74	3452.1563	1	0	41	42	83	85	P	42
51	1958.603542	13.85	3292.4734	1	0	40	41	81	83	P	41
51	1963.728728	13.95	3136.5095	1	0	39	40	79	81	P	40
51	1968.824743	14.06	2984.2707	1	0	38	39	77	79	P	39
51	1973.891443	14.17	2835.7627	1	0	37	38	75	77	P	38
51	1978.928684	14.28	2690.9913	1	0	36	37	73	75	P	37
51	1983.936324	14.38	2549.962	1	0	35	36	71	73	P	36
51	1988.914218	14.49	2412.6801	1	0	34	35	69	71	P	35
51	1993.862221	14.60	2279.1511	1	0	33	34	67	69	P	34
51	1998.780191	14.71	2149.3799	1	0	32	33	65	67	P	33
51	2003.667981	14.82	2023.3715	1	0	31	32	63	65	P	32
51	2008.525448	14.93	1901.1308	1	0	30	31	61	63	P	31
51	2013.352446	15.05	1782.6624	1	0	29	30	59	61	P	30
51	2018.14883	15.16	1667.9709	1	0	28	29	57	59	P	29
51	2022.914455	15.27	1557.0607	1	0	27	28	55	57	P	28
51	2027.649176	15.39	1449.9359	1	0	26	27	53	55	P	27
51	2032.352848	15.50	1346.6008	1	0	25	26	51	53	P	26
51	2037.025324	15.62	1247.0592	1	0	24	25	49	51	P	25
51	2041.66646	15.73	1151.315	1	0	23	24	47	49	P	24
51	2046.276109	15.85	1059.3718	1	0	22	23	45	47	P	23
51	2050.854126	15.97	971.2332	1	0	21	22	43	45	P	22
51	2055.400364	16.10	886.9024	1	0	20	21	41	43	P	21
51	2059.914677	16.22	806.3828	1	0	19	20	39	41	P	20
51	2064.39692	16.35	729.6774	1	0	18	19	37	39	P	19
51	2068.846945	16.48	656.7892	1	0	17	18	35	37	P	18
51	2073.264607	16.61	587.7209	1	0	16	17	33	35	P	17
51	2077.649758	16.74	522.4751	1	0	15	16	31	33	P	16
51	2082.002253	16.89	461.0544	1	0	14	15	29	31	P	15
51	2086.321945	17.03	403.4612	1	0	13	14	27	29	P	14
51	2090.608687	17.19	349.6975	1	0	12	13	25	27	P	13
51	2094.862333	17.35	299.7656	1	0	11	12	23	25	P	12
51	2099.082735	17.52	253.6672	1	0	10	11	21	23	P	11
51	2103.269747	17.71	211.4041	1	0	9	10	19	21	P	10
51	2107.423222	17.93	172.978		1	0	8	9	17	19	P	9
51	2111.543014	18.17	138.3904	1	0	7	8	15	17	P	8
51	2115.628975	18.45	107.6424	1	0	6	7	13	15	P	7
51	2119.680959	18.80	80.7354		1	0	5	6	11	13	P	6
51	2123.698818	19.26	57.6704		1	0	4	5	9	11	P	5
51	2127.682406	19.92	38.4481		1	0	3	4	7	9	P	4
51	2131.631576	21.04	23.0695		1	0	2	3	5	7	P	3
51	2135.54618	23.51	11.535		1	0	1	2	3	5	P	2
51	2139.426073	35.46	3.845		1	0	0	1	1	3	P	1
51	2147.081134	11.95	0		1	0	1	0	3	1	R	0
51	2150.856008	14.42	3.845		1	0	2	1	5	3	R	1
51	2154.595583	15.54	11.535		1	0	3	2	7	5	R	2
51	2158.299712	16.20	23.0695		1	0	4	3	9	7	R	3
51	2161.968247	16.65	38.4481		1	0	5	4	11	9	R	4
51	2165.601042	17.00	57.6704		1	0	6	5	13	11	R	5
51	2169.19795	17.28	80.7354		1	0	7	6	15	13	R	6
51	2172.758825	17.52	107.6424	1	0	8	7	17	15	R	7
51	2176.283519	17.72	138.3904	1	0	9	8	19	17	R	8
51	2179.771887	17.91	172.978		1	0	10	9	21	19	R	9
51	2183.223781	18.08	211.4041	1	0	11	10	23	21	R	10
51	2186.639055	18.24	253.6672	1	0	12	11	25	23	R	11
51	2190.017563	18.38	299.7656	1	0	13	12	27	25	R	12
51	2193.359157	18.52	349.6975	1	0	14	13	29	27	R	13
51	2196.663693	18.66	403.4612	1	0	15	14	31	29	R	14
51	2199.931023	18.79	461.0544	1	0	16	15	33	31	R	15
