-0.0038346648
-0.0076653957
-0.005329013
-0.0010923743
0.0008035898
0.0070056915
0.0010755062
-0.0027275085
0.0021746159
-0.0017024875
0.00048196316
0.0008313656
0.0054113865
0.008626342
0.006167531
0.00828135
0.003190875
0.0063107014
0.010768652
0.015816927
0.005882859
-0.0009457469
0.00068700314
0.0025556087
0.009191632
9.536743e-07
0.0015681982
0.0004156828
0.0014771223
0.003606081
0.015247226
0.0132985115
0.009669304
-0.0039141774
0.0018789768
0.0013694763
-0.004649639
-0.010925174
-0.013263881
-0.013871849
0.0003068447
-0.008271754
-0.009319663
-0.0051943064
0.006912589
0.008522987
0.009109497
0.0067920685
0.0033295155
0.00139153
-0.0026350021
-0.0052112937
-0.011871755
-0.013740838
-0.0025830865
0.0069350004
0.008271694
0.0058020353
0.0018360615
-0.009958208
-0.015454352
-0.0099595785
-0.0007303953
-0.0042256117
-0.010997653
-0.0023212433
0.0014601946
-0.004077077
-0.004741192
-0.00717479
-0.007586062
-0.007351339
-0.00066792965
0.004728079
0.0015410185
0.010883689
0.012468934
0.007657528
0.0033416748
-0.0013602376
-0.007741928
-0.016503513
-0.011089921
0.00283885
0.0003758669
-0.0014009476
-0.0030064583
-0.0040951967
-0.0023776293
-0.0054070354
-0.0038616061
0.00037813187
0.005638242
0.01270628
0.018360853
0.017855287
0.0065484047
-0.0017567277
-0.008870304
-0.013000548
-0.0074299574
0.006395459
0.01902914
0.030649185
0.019381285
0.009015918
0.0068786144
0.009212136
0.0047882795
-0.0025182962
-0.0011489987
0.0063210726
0.006662011
0.00095176697
-0.00097543
-0.0011382103
0.0041285753
0.009056687
0.009683967
0.0036939383
-0.0010120273
0.009657502
0.015716314
0.00970149
0.0015515089
0.01033926
0.002974987
0.0014774799
0.005309701
0.007474661
0.0023554564
0.0019847155
0.0022252798
0.004586935
0.0053195953
0.0056403875
0.004115939
0.0013585091
0.0047490597
0.0025972128
-0.0043541193
-0.012408197
-0.012523174
-0.0109725
-0.010020137
-0.007285893
-0.0030333996
-0.008518994
-0.012396634
-0.010791302
-0.005129218
-0.0041705966
0.003063202
0.003863573
-0.008541584
-0.016205609
-0.013267398
-0.00601995
0.0041172504
0.0014406443
0.003050208
0.007442832
0.0067147017
0.009042621
0.003946066
-0.0064567924
-0.007045269
-0.0032173991
0.00045335293
0.0061979294
0.0128622055
0.00863111
0.0114552975
0.006799817
-0.005246222
-0.0023854375
-0.002222538
-0.008428812
-0.0005722046
0.008425117
0.016065717
0.014949799
0.006896138
0.0072431564
0.010543108
0.013797164
0.008227468
0.002645135
-0.0032908916
0.00025331974
3.8146973e-06
-0.0013794899
-0.00790745
-0.01190877
-0.0056689978
0.00067961216
-0.010643542
-0.010461211
-0.002307713
-0.0059446692
-0.011392295
0.0013797283
0.00973177
0.0064606667
-0.0045716763
-0.007895768
-0.0013580918
-0.0041160583
-0.006790817
-0.0012397766
0.000415802
0.0050154924
0.002646923
-0.00026249886
-0.005425632
-0.007718563
0.0019940138
0.0063732862
-6.3598156e-05
-0.0070316195
-0.0057514906
-0.002636373
0.0058176517
0.0067385435
-0.00022786856
0.0080064535
0.0014426708
-0.0062105656
-0.009515166
-0.007852435
-0.01148057
-0.002861619
0.0031974316
0.004584193
-0.0045493245
-0.0031988025
-0.0013465881
-0.0023440719
0.0059707165
0.003301382
-0.010238349
-0.0120690465
0.0009756088
0.0020165443
0.007963061
0.009239554
-0.0035389066
-0.009609759
0.0048730373
0.013997078
0.017251372
0.00729537
-0.002232194
-0.00070893764
0.005182147
-0.0011302829
-0.0009873509
0.0053207874
0.008801937
0.0061961412
0.0021470785
0.0015423298
0.0038769245
-0.004129231
-0.0016253591
-0.00026583672
0.005752206
0.006265521
0.0034714937
-0.0017454028
-0.0024251938
-0.0040516257
-0.0043513775
-0.0058408976
-0.0039846897
0.000114917755
0.0011302233
0.0046869516
0.007847428
-0.00086951256
-0.0056669116
-0.0078475475
-0.007809341
0.004270792
0.0003412962
-0.0014289021
-0.00018131733
0.0026897192
-0.003419578
-0.0032381415
-0.008194745
-0.0074370503
-0.009717643
-0.011771321
-0.013979375
-0.009890676
-0.002038002
0.0061633587
0.0026466846
0.0046873093
0.0071343184
0.008998513
0.00055861473
-1.13248825e-05
-0.0036292076
-0.0041372776
-0.00585258
-0.0017960668
0.0017486811
-0.0018053055
0.012418866
0.013531685
-0.0044646263
-0.0067145824
-0.004018128
-0.009620905
-0.007999957
-0.0025550723
0.007712126
0.020982027
0.016149282
-0.0012788773
-0.0026254654
0.0018178225
0.004234433
-0.0030804276
-0.0025160313
0.0005375147
0.004692316
0.0075153112
0.012087464
0.02005899
0.013475418
0.010179758
0.020983815
0.024753928
0.0246346
0.024955988
0.0211581
0.025072455
0.027537465
0.03356409
0.03895235
0.036682725
0.034916043
0.039105773
0.045032144
0.046687603
0.044032335
0.0469265
0.0522902
0.053081512
0.05023074
0.043682814
0.040544033
0.049425364
0.060691
0.06504786
0.05997789
0.058481693
0.064543486
0.07104063
0.07007682
0.06855714
0.06991339
0.07115984
0.07331991
0.074431896
0.07421231
0.07183707
0.070950866
0.070059896
0.07821369
0.09736574
0.10246575
0.09926641
0.097878814
0.09978342
0.11420119
0.12954855
0.13218927
0.13057935
0.13251495
0.13394034
0.12702823
0.13042736
0.1334374
0.14871824
0.1551094
0.15050709
0.14087653
0.14491594
0.15208054
0.16078782
0.17586553
0.19567025
0.19217753
0.17577088
0.16313708
0.16742456
0.16797829
0.1757052
0.18024004
0.18543983
0.18455613
0.18281114
0.17718112
0.17801237
0.18361211
0.18116236
0.17271888
0.17168069
0.17226684
0.17596853
0.17882359
0.17723954
0.1757667
0.17326236
0.17234743
0.15930498
0.14970374
0.15170646
0.1511805
0.1538403
0.15153146
0.14893949
0.14768898
0.1461426
0.14308858
0.1496948
0.15157604
0.15192664
0.15258384
0.1527847
0.14602733
0.14821076
0.14187062
0.13775516
0.13109553
0.11968732
0.1060586
0.10280585
0.1063689
0.11462033
0.12831676
0.14532852
0.14961314
0.14712214
0.15467381
0.15529215
0.14997888
0.15191472
0.17721629
0.17956102
0.17754197
0.17582333
0.1755389
0.17209506
0.17592883
0.1819197
0.18091512
0.17612672
0.1724366
0.18101716
0.18669522
0.18574846
0.17427206
0.16608143
0.16748524
0.16972792
0.17026353
0.16229641
0.16440725
0.16601408
0.17022657
0.16249835
0.16316676
0.15433323
0.14442801
0.13809896
0.13469231
0.1375283
0.14475298
0.14340997
0.13846648
0.13083911
0.124714494
0.124543905
0.119981885
0.11122644
0.10779357
0.10759747
0.10659361
0.10230386
0.09664667
0.098742485
0.096286535
0.09233272
0.09041679
0.09457266
0.09434974
0.08810127
0.081576586
0.07117665
0.07090616
0.076051116
0.07068622
0.06977975
0.08116341
0.081424594
0.074258685
0.06976712
0.065351844
0.06678712
0.070684075
0.06759429
0.06307113
0.06838
0.07529616
0.07390165
0.06785083
0.064890504
0.06001222
0.05851066
0.061433077
0.058977842
0.055564284
0.055876136
0.050566792
0.053509712
0.05129826
0.042292237
0.041335344
0.0547235
0.056879997
0.05101669
0.054632187
0.044908524
0.037108064
0.030047178
0.026703715
0.03541231
0.04075861
0.037051797
0.02567184
0.0232625
0.027081728
0.034017205
0.036497235
0.034864902
0.030038714
0.03433311
0.02780068
0.02431357
0.02306211
0.022655368
0.03129363
0.024638057
0.017227054
0.022545218
0.027081609
0.03019619
0.024623156
0.025821447
0.017855287
0.0074340105
0.0044435263
0.007766485
0.006471753
0.007778883
0.01553905
0.015154481
0.009901285
0.011847138
0.006464958
0.0005558729
0.0015581846
-0.00031739473
-0.0043163896
-0.0012015104
0.009722948
0.0069276094
0.0014790297
0.007164836
0.00879395
0.0050115585
0.011893868
0.016937256
0.014157653
0.0037004948
0.00236547
0.0050616264
-0.0021170974
-0.0011211634
0.0053442717
0.0025646687
-0.0040308833
-0.00028002262
-0.00076007843
0.0024336576
0.0037784576
-0.0061000586
-0.007248044
-0.0042948723
0.0018931627
-0.00021058321
-0.004976988
-0.0016528964
0.009144783
0.010585427
0.0054671764
-0.0008995533
-0.012277067
-0.015876174
-0.00467062
-0.00024199486
-0.0055943727
-0.006777823
-0.00665164
0.0019949675
-0.00012767315
-0.0017669201
0.0048850775
0.0013217926
-0.0015565753
-0.00044828653
0.0013166666
0.0040580034
0.002256751
-0.007861376
-0.0019571185
-0.0034191012
-0.002780795
0.0032402277
-0.009411097
-0.013628244
-0.014259279
-0.011266649
0.004704118
0.006826639
0.010754228
0.016018867
0.008864641
-0.005987406
-0.0055661798
-0.009134769
-0.006558478
-0.0065894127
-0.0016846061
0.0017917156
0.0021276474
-0.00551641
0.002465129
0.008743763
0.00306952
-0.003374517
-0.0021509528
0.006474972
0.0054130554
0.0026004314
0.000274539
0.0025773048
-0.0012120605
-2.5451183e-05
0.0041792393
0.0006405115
-0.00054091215
-0.012265742
-0.016779304
-0.011567175
-0.010078251
-0.002052784
0.0040751696
0.0039993525
0.0016179085
0.0025565624
0.008312941
0.005874634
0.0041253567
0.0010538101
-0.0011719465
-0.0012180209
-0.0077919364
-0.011131406
0.0012184381
0.0058568716
0.0059524775
-0.00022959709
-0.00091838837
-0.0032640696
0.006796241
0.008663774
0.008907795
0.008572459
0.0018773079
-0.0025916696
-0.005373955
-0.0035904646
-0.0035618544
0.00954783
0.010179281
0.008314371
0.0028431416
0.005474448
0.002916932
-0.0019173026
0.0039361715
0.0057584047
-0.0019949079
-0.01049602
-0.009231031
0.0024484396
0.008734822
0.0070546865
0.0028960705
0.0013971329
0.0010882616
-0.0043931007
0.004577756
0.009001732
0.0012372732
-0.009310961
-0.007963538
-0.0023553967
-0.010126829
-0.012481689
-0.012429535
-0.014761686
-0.008809328
-0.009212613
0.0011199713
0.0068284273
0.00693202
0.0021938086
-0.0019155741
-0.0027549863
-0.0023117661
0.0037556887
0.009099007
-0.007125497
0.002786994
0.008776069
0.014483094
0.017059684
0.012959123
0.008015633
0.0033752918
-0.0032455921
-0.0088713765
-0.0073428154
-0.0056371093
0.00210917
-0.0044872165
-0.012793541
-0.0032616258
0.0036153793
0.0054342747
0.004750371
0.010448337
0.012804627
0.0142554045
